0 2.21238 -0.0546741 -0.0897579 6.99856 9.19335 84.1646
1 2.20673 -0.0562527 -0.089164 7.09478 9.20401 84.1024
2 2.20861 -0.0583916 -0.0915357 7.11081 9.16976 84.1696
3 2.21298 -0.0557354 -0.0954127 7.09863 9.14571 84.0334
4 2.2133 -0.0567198 -0.0958516 7.09842 9.01081 83.925
5 2.213 -0.0597084 -0.0969951 7.09843 8.99309 83.8708
6 2.21049 -0.0594026 -0.0954917 7.02858 9.02341 83.8894
7 2.21183 -0.0588162 -0.098992 7.18428 8.85974 83.7537
8 2.21856 -0.0533765 -0.100838 7.55172 8.46591 83.6702
9 2.22091 -0.0541454 -0.105491 7.63531 8.05134 83.2143
10 2.22624 -0.0508719 -0.105831 7.69402 7.76568 83.0599
11 2.22396 -0.0481334 -0.105657 7.73039 7.51048 82.6692
12 2.23071 -0.0480026 -0.104604 7.6729 7.14488 82.3633
13 2.23443 -0.04476 -0.0997578 7.66928 6.6743 82.121
14 2.24012 -0.0427579 -0.100213 7.83501 6.17845 81.5217
15 2.2561 -0.0375369 -0.104522 7.58264 5.70731 80.836
16 2.26014 -0.0350697 -0.10084 7.50461 5.43604 80.2124
17 2.26948 -0.0380546 -0.0978625 7.23705 4.81927 78.9537
18 2.26946 -0.0392736 -0.09653 7.103 4.67112 78.785
19 2.28173 -0.0419904 -0.0956704 6.97614 4.15712 77.1455
20 2.28544 -0.0436402 -0.0900897 6.90491 3.92788 76.0156
21 2.29727 -0.0470945 -0.0881754 6.9391 3.52645 75.1967
22 2.30006 -0.0473033 -0.0888726 7.01495 3.23279 73.825
23 2.31305 -0.0470567 -0.0942541 7.01034 3.12913 72.5095
24 2.30717 -0.048841 -0.0910162 6.79782 3.41217 71.6981
25 2.31073 -0.0561026 -0.0813728 6.73275 3.86399 70.4718
26 2.31567 -0.0571707 -0.0858815 6.87516 4.01785 69.6372
27 2.31867 -0.0625258 -0.0866179 6.91918 4.40059 67.9945
28 2.32593 -0.0630362 -0.0882017 7.32382 4.49894 67.1274
29 2.33072 -0.0589495 -0.0925542 7.68659 4.31826 65.9609
30 2.33698 -0.057692 -0.0913592 7.77467 4.22849 64.9616
31 2.34115 -0.0543052 -0.0912212 7.77551 3.88314 63.4851
32 2.34539 -0.0535274 -0.093112 7.67366 3.61192 62.8666
33 2.35497 -0.0500544 -0.0970665 7.60047 3.36902 61.7882
34 2.35197 -0.0510703 -0.0925966 7.66086 3.44178 60.9704
35 2.34788 -0.0495162 -0.0907604 7.56152 3.53014 60.4907
36 2.35255 -0.0473335 -0.0884174 7.36834 3.35786 59.7625
37 2.35841 -0.0478958 -0.0805852 7.23254 2.97423 59.1904
38 2.3598 -0.0458217 -0.0876147 7.49391 2.86462 58.3302
39 2.35558 -0.0420132 -0.0866886 7.64219 2.7606 57.9451
40 2.35757 -0.0383928 -0.0863414 7.67091 2.55792 57.2237
41 2.35855 -0.0348034 -0.0850572 7.67281 2.35281 56.777
42 2.3668 -0.0315312 -0.088755 7.67182 1.8755 55.8736
43 2.37597 -0.0320803 -0.0891992 7.55909 1.54957 55.1187
44 2.37842 -0.033018 -0.0907331 7.5585 1.45755 54.7507
45 2.38327 -0.033081 -0.0878886 7.34303 1.33505 53.7321
46 2.38994 -0.0310784 -0.0903491 7.29026 1.18693 52.5897
47 2.39165 -0.0289655 -0.0960173 7.26985 1.19472 51.9176
48 2.39383 -0.0294038 -0.0936407 7.33809 1.15029 51.345
49 2.38918 -0.0302516 -0.0897287 7.2648 0.984346 50.8716
50 2.39743 -0.029196 -0.0992711 7.2818 0.841811 50.0401
51 2.39928 -0.0313064 -0.0949361 7.30086 0.789893 49.727
52 2.39668 -0.0274973 -0.0954867 7.40179 0.612089 49.3141
53 2.403 -0.0264175 -0.0941327 7.56761 0.455697 49.0697
54 2.40311 -0.0231235 -0.099029 7.61501 0.406071 48.7204
55 2.40174 -0.0235158 -0.0991688 7.69671 0.271268 48.3207
56 2.4069 -0.0191522 -0.107597 7.87025 0.125816 47.7369
57 2.40955 -0.0181769 -0.104791 7.81504 -0.0258868 47.194
58 2.41306 -0.0190634 -0.105023 7.78223 -0.0756302 46.9065
59 2.41562 -0.0185429 -0.110848 7.69303 -0.0440213 46.6868
60 2.41542 -0.0223972 -0.109145 7.42471 0.0334749 46.2075
61 2.41374 -0.0245216 -0.106203 7.29304 0.00327718 46.083
62 2.41529 -0.032184 -0.10564 6.9695 0.110936 45.4558
63 2.41526 -0.0385106 -0.11107 6.60914 0.191251 45.0453
64 2.41451 -0.0463141 -0.103823 6.14539 0.245064 44.7604
65 2.41588 -0.0477363 -0.106464 5.89038 0.257095 44.5655
66 2.41453 -0.0560276 -0.0994492 5.48201 0.313962 44.3642
67 2.41664 -0.0585303 -0.0910447 5.07842 0.221706 44.127
68 2.41042 -0.0625232 -0.0784209 4.94846 0.154733 44.1406
69 2.41813 -0.0640707 -0.0816084 4.84953 0.0838395 43.7371
70 2.41588 -0.0632344 -0.0868852 4.90523 -0.0527697 43.5128
71 2.41844 -0.0627773 -0.0823744 4.86964 -0.0426622 43.4331
72 2.41656 -0.062683 -0.0806705 4.86952 -0.0608981 43.3462
73 2.41683 -0.0610154 -0.081979 5.00506 -0.222909 43.1666
74 2.41614 -0.0576313 -0.0855205 5.27824 -0.581669 42.785
75 2.42732 -0.0565003 -0.0859873 5.37486 -0.759269 42.6176
76 2.42692 -0.0535718 -0.0938662 5.53369 -0.8174 42.2839
77 2.42736 -0.0522714 -0.0916396 5.61896 -0.93865 42.2047
78 2.43175 -0.0503977 -0.0969302 5.72425 -0.940992 42.0537
79 2.42624 -0.0482333 -0.0964054 5.8033 -0.996369 41.9913
80 2.43238 -0.0486414 -0.0960565 5.77869 -1.01155 42.0219
81 2.43353 -0.0479489 -0.0999869 5.92641 -0.931601 42.1203
82 2.42831 -0.0483191 -0.101823 5.96291 -0.853249 42.1568
83 2.42858 -0.0463733 -0.0982879 5.96354 -0.765584 42.411
84 2.4282 -0.0495153 -0.0957821 5.98304 -0.66689 42.6744
85 2.42528 -0.0491713 -0.0972329 6.02983 -0.523299 42.7981
86 2.42263 -0.0491876 -0.0982312 6.07141 -0.443897 42.9664
87 2.41792 -0.0492417 -0.0965183 6.10709 -0.169505 43.4742
88 2.4144 -0.049837 -0.0980337 6.08768 -0.0631865 43.7138
89 2.40883 -0.051055 -0.0963153 6.14595 0.269033 44.3884
90 2.4053 -0.0506505 -0.09655 6.13859 0.391766 44.6744
91 2.4012 -0.0511586 -0.092515 6.19265 0.755773 45.5313
92 2.40104 -0.0503682 -0.0949297 6.24018 0.834083 45.9219
93 2.38902 -0.0517349 -0.0957585 6.35825 0.948247 46.603
94 2.38942 -0.0510746 -0.0955904 6.46652 0.927543 47.3745
95 2.38562 -0.0520648 -0.0979883 6.58742 0.868777 48.2294
96 2.37959 -0.0519299 -0.0966964 6.65112 0.817799 48.588
97 2.38278 -0.0501383 -0.100678 6.8265 0.582539 49.3063
98 2.38181 -0.0493215 -0.0990554 6.89811 0.51819 49.6755
99 2.37663 -0.0462011 -0.0976943 6.98596 0.340859 50.4313
100 2.37588 -0.0422238 -0.0963554 7.06972 0.184192 51.1602
101 2.37894 -0.0397557 -0.10121 7.03332 0.026303 52.3256
102 2.37375 -0.0392305 -0.0990171 6.96242 0.0922967 53.2959
103 2.3704 -0.0405688 -0.0964012 6.85183 0.373473 54.3616
104 2.35514 -0.0398101 -0.0948573 6.68504 0.899327 55.7928
105 2.35126 -0.03945 -0.0922168 6.65207 1.50058 56.9323
106 2.34313 -0.0362769 -0.0893116 6.47978 2.03415 57.8418
107 2.33324 -0.0305276 -0.0904775 6.45531 2.65066 58.6821
108 2.33343 -0.0306571 -0.0803085 6.40749 2.93319 59.3581
109 2.32335 -0.0267256 -0.086681 6.41465 3.28488 59.513
110 2.32168 -0.0229705 -0.08102 6.40491 3.84561 60.3401
111 2.31931 -0.020466 -0.081724 6.40285 4.06384 60.5773
112 2.31814 -0.0168905 -0.0779607 6.36256 4.37753 61.2399
113 2.31728 -0.0134884 -0.0773372 6.36548 4.6746 61.8964
114 2.31009 -0.0109521 -0.0821489 6.4323 4.72574 61.7146
115 2.31161 -0.00853687 -0.0804056 6.29215 4.5496 61.9379
116 2.31657 -0.00413188 -0.0757578 6.03558 4.25631 62.0303
117 2.32172 0.000426028 -0.0664257 5.87626 3.99462 61.9954
118 2.32487 0.00444827 -0.066395 5.74614 3.87185 61.8278
119 2.3277 0.00917933 -0.0615925 5.59915 3.84057 61.8775
120 2.32905 0.0164413 -0.0488748 5.36279 3.5729 61.8582
121 2.32962 0.0315189 -0.0374772 5.15528 3.23323 61.9318
122 2.31433 0.0423161 -0.0194326 4.99159 2.92344 62.2718
123 2.34271 0.0634833 -0.0135317 4.63001 2.86957 61.9265
124 2.33304 0.0775868 0.00328734 4.15143 2.62864 62.3091
125 2.34549 0.105377 0.0258235 3.64832 2.47338 62.3166
126 2.34831 0.126519 0.0425398 3.37902 2.41496 62.4839
127 2.34187 0.148243 0.0737716 2.82018 1.98006 62.8345
128 2.339 0.170873 0.0975782 2.57839 1.58151 62.6588
129 2.34856 0.191177 0.110367 2.48891 1.34004 62.6667
130 2.35062 0.235804 0.124327 2.71091 0.822995 62.888
131 2.35904 0.268496 0.146205 2.57409 0.367355 62.7687
132 2.36287 0.298267 0.17214 2.04909 0.0802326 62.978
133 2.36743 0.329249 0.194663 1.83911 0.14543 62.94
134 2.35262 0.342918 0.216646 1.53221 -0.125402 63.033
135 2.36126 0.36683 0.224977 1.19138 -0.46375 63.6152
136 2.37522 0.39783 0.249908 0.795232 -0.557724 63.3415
137 2.36502 0.410989 0.272152 0.520496 -0.295663 63.3533
138 2.35812 0.431378 0.297663 -0.0804663 0.0758429 63.4766
139 2.35469 0.442706 0.297325 -0.0320501 0.315953 63.4713
140 2.35343 0.456367 0.312793 -0.155112 0.066555 63.4989
141 2.35969 0.490832 0.308028 -0.290874 0.292425 63.9743
142 2.33427 0.497065 0.351321 -1.06093 0.881665 63.6711
143 2.3276 0.504804 0.358389 -1.39991 1.29379 63.6894
144 2.32169 0.517918 0.368322 -1.87807 1.92912 63.8476
145 2.31702 0.52342 0.376625 -1.93862 2.10288 63.81
146 2.30324 0.542597 0.392436 -2.39658 2.56731 63.9311
147 2.29918 0.561542 0.405938 -2.50326 2.94241 64.1384
148 2.29938 0.575209 0.398365 -2.66459 3.03431 64.4004
149 2.29058 0.591615 0.422366 -2.46716 3.14661 64.3081
150 2.27924 0.614624 0.427813 -2.50483 3.26257 64.1217
151 2.26902 0.637264 0.441854 -2.58531 3.66468 64.2204
152 2.26598 0.651491 0.445925 -2.63262 3.74939 64.2849
153 2.25497 0.675313 0.467664 -2.74174 4.27045 64.4125
154 2.2331 0.679607 0.482254 -3.02393 4.70404 64.4833
155 2.2268 0.678059 0.474237 -3.03001 4.76445 64.2809
156 2.23625 0.707321 0.491064 -3.12764 4.97138 64.5467
157 2.22313 0.709467 0.485123 -2.90757 5.07607 64.2916
158 2.23264 0.724839 0.488089 -3.01235 5.0916 64.5094
159 2.22214 0.728443 0.494502 -2.95929 5.0733 64.3627
160 2.22385 0.746913 0.503874 -2.97749 5.0662 64.4265
161 2.21576 0.761984 0.510719 -3.13748 5.1075 64.6115
162 2.21032 0.775891 0.522561 -3.08675 5.08151 64.4628
163 2.21458 0.802318 0.525481 -2.92022 5.10554 64.5459
164 2.20377 0.81083 0.536926 -3.01416 5.08036 64.5331
165 2.20537 0.825575 0.542551 -3.1216 5.19093 64.5882
166 2.20126 0.84204 0.552913 -3.40742 5.17097 64.6812
167 2.19409 0.857005 0.567039 -3.78218 5.07588 64.8094
168 2.19155 0.866013 0.580159 -3.91554 4.98805 64.6524
169 2.18594 0.879133 0.591582 -4.31054 5.15236 64.9275
170 2.18031 0.896676 0.604562 -4.62011 4.96288 64.818
171 2.17163 0.900216 0.621174 -4.91623 5.10327 64.6191
172 2.16471 0.91601 0.642831 -5.11368 4.93448 64.554
173 2.15442 0.926873 0.64525 -5.10726 5.15588 64.5382
174 2.14791 0.944704 0.650851 -5.16756 5.8439 64.705
175 2.13984 0.952733 0.657341 -5.09083 6.20012 64.7322
176 2.13271 0.959041 0.658114 -5.22822 6.58343 64.6776
177 2.12487 0.972526 0.659785 -5.28298 6.9694 64.6717
178 2.11715 0.985227 0.66801 -5.3361 7.31824 64.7866
179 2.10662 0.996685 0.670748 -5.35602 7.55088 64.584
180 2.09935 1.00384 0.683887 -5.59762 7.83551 64.6477
181 2.08757 1.01789 0.689629 -5.73906 8.27696 64.6767
182 2.08616 1.02051 0.684648 -5.8097 8.49937 64.587
183 2.07589 1.03518 0.692205 -5.88528 8.99168 64.5616
184 2.06756 1.05294 0.705362 -5.87021 9.3052 64.6223
185 2.05427 1.07434 0.705108 -5.9096 9.95337 64.4928
186 2.0428 1.09162 0.721725 -6.05194 10.3152 64.5174
187 2.0381 1.10078 0.725296 -5.94443 10.4856 64.3886
188 2.03038 1.11855 0.733277 -6.03036 10.6983 64.3991
189 2.02717 1.12282 0.734493 -5.74021 10.6854 64.2666
190 2.02779 1.13019 0.734629 -5.64255 10.8449 64.3861
191 2.0251 1.12791 0.730319 -5.31772 10.9819 64.2837
192 2.03259 1.12164 0.722119 -4.98276 10.9499 64.2502
193 2.03833 1.11433 0.717244 -4.89601 10.8557 64.3094
194 2.04078 1.09849 0.712263 -4.55267 10.6933 64.2049
195 2.05463 1.08338 0.697946 -4.05447 10.5543 64.2108
196 2.07711 1.04688 0.673033 -3.31261 10.2848 64.2054
197 2.08513 1.04179 0.672433 -3.38873 10.1906 64.5118
198 2.09633 1.02226 0.658624 -3.23942 10.0563 64.2575
199 2.11553 0.992566 0.639661 -2.91019 9.71084 64.3816
200 2.12402 0.976453 0.632136 -2.71656 9.55182 64.3109
201 2.14343 0.940161 0.613745 -2.313 9.1119 64.3467
202 2.15942 0.900536 0.590083 -1.85672 8.47553 64.352
203 2.17195 0.887887 0.583959 -1.55972 8.44585 64.4011
204 2.1853 0.844202 0.559553 -1.44443 7.92872 64.3517
205 2.19665 0.828479 0.55328 -1.22622 7.79763 64.2958
206 2.21849 0.792842 0.529563 -0.713362 7.36669 64.4081
207 2.2229 0.752041 0.512156 -0.509921 7.50293 64.418
208 2.2424 0.721384 0.482828 -0.155438 7.32071 64.422
209 2.25023 0.702009 0.470166 0.0587587 7.26753 64.6612
210 2.26603 0.669785 0.445586 0.716652 6.98101 64.7047
211 2.26598 0.650322 0.424666 1.18736 6.79322 64.5706
212 2.27977 0.634905 0.406991 1.28773 6.38327 64.8338
213 2.28846 0.60128 0.393893 1.64007 6.22409 64.6474
214 2.29939 0.568355 0.378386 1.78806 6.06207 64.7426
215 2.30763 0.541763 0.353269 1.75397 6.01924 64.9472
216 2.30315 0.511079 0.347985 1.56104 6.13011 65.004
217 2.30906 0.494624 0.340647 1.47966 6.09889 64.9883
218 2.31395 0.482565 0.336772 1.59017 6.02355 65.1729
219 2.31428 0.458386 0.319601 1.64118 5.99415 65.1628
220 2.31593 0.430233 0.306129 1.58849 6.1317 65.4127
221 2.3156 0.398977 0.292099 1.63796 6.24169 65.4983
222 2.31212 0.376466 0.290357 1.51579 6.52378 65.7703
223 2.32106 0.349679 0.265532 1.75094 6.44227 65.731
224 2.32195 0.317956 0.241989 2.07561 6.16478 65.8077
225 2.32979 0.292542 0.225013 2.38738 5.92354 65.9309
226 2.33798 0.267133 0.215624 2.80394 5.87429 66.4624
227 2.35139 0.244024 0.201768 3.43881 5.57793 67.0762
228 2.34308 0.216655 0.166412 4.32184 5.38158 66.5709
229 2.35097 0.202503 0.162278 4.69436 5.20275 67.0211
230 2.35992 0.190294 0.146026 5.14088 5.04012 67.139
231 2.34429 0.151426 0.115495 5.99461 4.72489 66.8627
232 2.3661 0.120072 0.0880838 6.91559 4.20149 67.0517
233 2.35771 0.105177 0.0671777 7.35948 3.95335 66.6391
234 2.35762 0.0913546 0.0540746 7.61042 3.66368 66.2793
235 2.35475 0.0702318 0.0263554 8.03791 3.62253 66.0234
236 2.35753 0.0446871 0.0253533 8.08292 3.48619 66.1777
237 2.35287 0.0232038 0.00922761 8.24275 3.41577 66.1878
238 2.35508 -0.0149864 -0.0167314 8.51042 2.94778 66.1981
239 2.35307 -0.045982 -0.036466 8.85336 2.56514 66.1401
240 2.3524 -0.0824576 -0.0569015 9.1445 2.32073 66.2902
241 2.34383 -0.133587 -0.099223 9.33009 1.91607 65.9419
242 2.34696 -0.17055 -0.10729 9.54998 1.76016 66.4274
243 2.33554 -0.204687 -0.128405 9.66449 1.66837 66.2708
244 2.3345 -0.230426 -0.149845 9.9703 1.49591 66.4867
245 2.32812 -0.269812 -0.177262 10.2198 1.07735 66.2979
246 2.31718 -0.289567 -0.195441 10.3547 1.40077 66.2349
247 2.30604 -0.316506 -0.216372 10.1853 1.37379 66.0335
248 2.29078 -0.354976 -0.22699 10.1348 1.53413 66.1696
249 2.29443 -0.366697 -0.2341 10.0842 1.55258 66.2528
250 2.2933 -0.414244 -0.255861 10.2457 1.76124 67.1156
251 2.27814 -0.442403 -0.276384 10.5654 1.63211 66.758
252 2.27661 -0.457277 -0.287865 10.6997 1.45087 66.6606
253 2.26319 -0.476255 -0.305098 11.0393 1.30491 66.473
254 2.25505 -0.49786 -0.319878 11.3523 1.46666 66.6048
255 2.24062 -0.520593 -0.343401 11.9134 1.42093 66.5228
256 2.25873 -0.557103 -0.359634 12.4428 1.52105 67.719
257 2.23429 -0.581702 -0.394419 13.0202 0.866614 66.5347
258 2.24582 -0.594647 -0.401658 13.3578 0.562931 67.2019
259 2.22178 -0.620682 -0.432533 13.9274 -0.0967388 66.4018
260 2.19776 -0.639345 -0.445466 13.8555 0.0379534 65.8527
261 2.1911 -0.651723 -0.465121 14.1309 -0.0994406 65.4715
262 2.18257 -0.663546 -0.469487 14.3698 -0.172265 65.7602
263 2.18265 -0.682661 -0.476917 14.2234 -0.179124 65.9456
264 2.17855 -0.692775 -0.500937 14.2078 -0.664249 65.4128
265 2.17932 -0.706875 -0.497262 14.1679 -0.927564 66.0111
266 2.16755 -0.719527 -0.511815 14.2476 -1.48903 65.7367
267 2.17062 -0.745253 -0.526784 14.2899 -1.69636 66.0062
268 2.15709 -0.768106 -0.558511 14.3219 -2.48432 65.4111
269 2.15124 -0.779063 -0.556349 14.3355 -2.19574 65.6631
270 2.15354 -0.815054 -0.567959 14.4893 -2.22705 66.7287
271 2.1191 -0.831468 -0.604046 14.821 -2.82609 65.4078
272 2.11784 -0.85664 -0.611984 15.2719 -2.70758 66.2446
273 2.11411 -0.872987 -0.623428 15.7241 -2.75853 66.3173
274 2.0975 -0.878093 -0.635711 15.9828 -2.98407 65.5904
275 2.08775 -0.887042 -0.647407 16.1857 -3.02518 65.3885
276 2.08398 -0.909101 -0.662268 16.7143 -3.26792 65.7069
277 2.08728 -0.917615 -0.669934 16.9495 -3.55238 66.1233
278 2.07596 -0.927301 -0.685155 17.1296 -4.0007 65.6226
279 2.06241 -0.932087 -0.695184 17.0149 -4.15445 64.9253
280 2.05587 -0.942982 -0.70582 16.865 -4.15873 64.8639
281 2.05511 -0.945978 -0.711701 17.0006 -4.04554 64.8395
282 2.0438 -0.950076 -0.705516 16.9554 -3.68784 64.7863
283 2.04877 -0.952903 -0.702736 16.874 -3.67054 64.9667
284 2.05369 -0.94509 -0.700787 16.8524 -3.83943 65.223
285 2.05032 -0.934279 -0.688905 16.9135 -3.68214 65.3044
286 2.06476 -0.924936 -0.687283 16.6158 -3.86192 64.9118
287 2.05749 -0.905232 -0.67053 16.527 -3.71578 65.229
288 2.06484 -0.881341 -0.647319 16.0026 -3.64788 65.4111
289 2.10961 -0.866374 -0.640811 15.7224 -3.45534 66.3157
290 2.09474 -0.836055 -0.608949 15.1224 -3.58593 65.7344
291 2.12071 -0.81595 -0.596536 14.7512 -3.78391 65.6941
292 2.12085 -0.801324 -0.585268 14.5726 -3.81629 66.0243
293 2.15719 -0.77904 -0.568185 13.816 -3.75596 66.8362
294 2.14895 -0.768319 -0.547454 13.4195 -3.85236 66.0364
295 2.1658 -0.737911 -0.526384 12.9825 -3.9998 66.7917
296 2.19578 -0.723716 -0.509328 12.3807 -4.22683 66.2138
297 2.19833 -0.684879 -0.483908 11.975 -4.44961 66.6646
298 2.2325 -0.655278 -0.463755 11.6147 -4.1238 66.915
299 2.25931 -0.619326 -0.44314 11.2637 -4.14168 66.5027
300 2.25357 -0.602216 -0.417514 11.155 -3.9483 66.8314
301 2.27384 -0.563502 -0.388476 10.8143 -4.15608 67.047
302 2.27528 -0.547586 -0.37799 10.8179 -4.34989 67.2086
303 2.2847 -0.520359 -0.366406 10.9341 -4.8488 67.3144
304 2.31342 -0.479689 -0.343823 10.3872 -4.79392 67.4424
305 2.31943 -0.452045 -0.328818 10.2513 -4.88355 67.6393
306 2.33814 -0.410334 -0.300185 9.82484 -4.73366 67.7384
307 2.34868 -0.390934 -0.283566 9.43563 -4.6076 67.8009
308 2.3557 -0.355434 -0.265817 9.30651 -4.27338 68.1428
309 2.36007 -0.323 -0.243228 9.13641 -4.04326 68.4829
310 2.35327 -0.292577 -0.211244 9.09213 -3.06151 69.0149
311 2.34988 -0.271518 -0.206917 8.72642 -2.64024 68.9623
312 2.34514 -0.232454 -0.186701 7.89039 -1.06069 69.7082
313 2.32878 -0.194927 -0.135877 7.18326 -0.163408 70.0331
314 2.33162 -0.155241 -0.106336 6.32598 -0.0419395 69.8331
315 2.33225 -0.140177 -0.096274 6.13789 0.267653 70.1869
316 2.3196 -0.116722 -0.0685584 5.63651 0.8015 70.0216
317 2.3167 -0.0975695 -0.0627059 5.29497 1.30771 70.1237
318 2.31665 -0.0814057 -0.052217 4.89063 1.58793 70.3301
319 2.30178 -0.0679811 -0.0358887 4.3692 1.44798 70.6059
320 2.30301 -0.055748 -0.0279473 4.18356 1.7388 70.1602
321 2.28992 -0.0433372 -0.0167856 3.93702 1.927 70.1785
322 2.28876 -0.0288495 -0.0181384 3.95103 1.7307 70.1413
323 2.28638 -0.0240255 -0.0154288 3.86568 1.59053 70.1231
324 2.27186 -0.0110832 -0.00534954 3.49298 1.8991 70.1139
325 2.26239 -0.00053898 -0.00236938 3.25245 2.32289 70.3347
326 2.25673 0.000404791 0.00207378 3.19212 2.62878 70.4053
327 2.2438 0.00770852 0.00359278 3.1781 3.14192 70.5281
328 2.23904 0.0118491 0.00133825 3.2363 3.2346 70.4932
329 2.23251 0.0108112 -0.00269472 3.18933 3.37547 70.7115
330 2.23383 0.0125443 -0.00337302 3.09491 3.29296 70.8163
331 2.23493 0.0138796 -0.00684733 2.84723 3.28737 71.0232
332 2.22242 0.00847837 0.00484371 2.47445 3.28866 71.1652
333 2.23175 0.013847 0.00471869 2.39486 3.18614 71.2467
334 2.2258 0.0178648 0.00899423 2.42045 3.38337 71.683
335 2.22743 0.0223306 0.0103731 2.64867 3.64779 71.8931
336 2.22599 0.0288574 0.0126345 3.07001 4.13722 72.301
337 2.22086 0.0379498 0.0103335 3.68795 4.76822 72.4112
338 2.21923 0.0461841 0.00528734 4.41617 5.3821 72.8126
339 2.2142 0.0645037 -0.000748468 5.68324 6.17227 72.8221
340 2.21291 0.0815144 -0.0101953 7.20366 6.69455 73.0083
341 2.20654 0.0951245 -0.0202922 8.85145 6.27575 72.603
342 2.20037 0.106192 -0.0349926 10.5307 5.04555 71.3245
343 2.19572 0.11029 -0.0426218 11.4518 3.87107 70.9518
344 2.20173 0.114692 -0.0430566 11.8028 3.33402 70.7244
345 2.20909 0.119508 -0.0513649 12.4497 2.24071 70.0628
346 2.22883 0.122623 -0.0544364 12.557 1.69568 70.0273
347 2.22844 0.11823 -0.0586525 12.7865 0.495325 69.7284
348 2.25529 0.117012 -0.0647898 12.6782 -0.747376 69.9992
349 2.28109 0.106659 -0.0736154 12.2386 -2.07087 69.9133
350 2.27177 0.0974704 -0.0669801 11.9693 -2.45209 69.5801
351 2.2998 0.0899064 -0.0786768 11.2953 -3.37775 69.9828
352 2.30227 0.0825827 -0.079823 10.9116 -3.52798 69.7189
353 2.31273 0.0595708 -0.0782651 9.35686 -4.31768 69.9865
354 2.32507 0.0351729 -0.0814588 7.53843 -4.89379 70.7777
355 2.32446 0.0187241 -0.0825667 6.40646 -5.06794 70.5273
356 2.32316 -0.00210521 -0.0728203 5.14669 -5.11902 70.7558
357 2.31795 -0.0113738 -0.0700561 4.57392 -5.06831 70.5007
358 2.31747 -0.024576 -0.0680634 3.39341 -4.74021 70.9488
359 2.31031 -0.0422753 -0.0565293 2.38765 -4.39624 71.1645
360 2.3062 -0.057113 -0.0496508 1.32151 -4.10224 71.2165
361 2.30558 -0.0632596 -0.0463449 0.85114 -3.94328 71.2132
362 2.29867 -0.078979 -0.037526 -0.2635 -3.54904 71.3588
363 2.2873 -0.0998682 -0.0253559 -1.35492 -2.9173 71.3271
364 2.2873 -0.104486 -0.0258227 -2.08684 -2.42886 71.5272
365 2.28288 -0.110302 -0.0274801 -2.39461 -1.92211 71.5817
366 2.27506 -0.117912 -0.0180437 -2.74755 -1.40845 71.6687
367 2.26576 -0.121399 -0.0122089 -2.95305 -0.954767 71.8907
368 2.26865 -0.121151 -0.0172933 -2.88759 -0.581449 71.9133
369 2.2662 -0.120189 -0.017037 -2.75648 -0.169405 72.0081
370 2.26132 -0.120142 -0.0147914 -2.6706 0.232397 72.22
371 2.2549 -0.114099 -0.0103405 -2.29254 1.55113 72.8894
372 2.23898 -0.110768 -0.00923507 -2.06112 2.67361 73.3004
373 2.22044 -0.103298 -0.0135385 -1.73712 3.88223 72.8087
374 2.2186 -0.104338 -0.00813951 -1.64503 4.49813 73.2955
375 2.20802 -0.0959757 -0.0133824 -1.26232 5.71929 73.1851
376 2.20763 -0.0953329 -0.0136442 -1.15229 6.23061 73.1493
377 2.2007 -0.0924378 -0.0179456 -1.05104 6.66179 73.103
378 2.19724 -0.0872189 -0.0163344 -0.735729 7.47412 73.2566
379 2.20152 -0.0826388 -0.0161873 -0.489132 8.29757 73.785
380 2.20186 -0.0741143 -0.0214877 -0.0401344 8.88294 73.955
381 2.1951 -0.0667231 -0.0309366 0.799354 9.09507 73.6167
382 2.19534 -0.058074 -0.0340304 1.75085 9.06062 73.9901
383 2.19359 -0.0426468 -0.0424418 3.18392 8.19261 73.341
384 2.19198 -0.025924 -0.0502531 4.74824 7.14601 73.0892
385 2.2029 -0.0154317 -0.0585939 5.71819 6.48551 73.0638
386 2.21445 -0.00270294 -0.0702211 6.65917 5.71533 72.4998
387 2.21233 0.00217875 -0.0712215 7.38303 4.77085 72.0686
388 2.21856 0.00997581 -0.0757625 8.05071 4.17215 71.9505
389 2.22982 0.0170707 -0.0854776 8.81132 3.46912 71.5196
390 2.23158 0.0200957 -0.0852835 9.12108 3.12777 71.5682
391 2.24348 0.0303136 -0.0921426 9.73347 2.61034 71.1503
392 2.24412 0.0310027 -0.0899679 10.0245 2.3546 71.3709
393 2.24594 0.0386316 -0.094567 10.3447 2.05033 70.7382
394 2.25123 0.0398998 -0.0956747 10.3718 1.63247 70.7305
395 2.25366 0.0371222 -0.0943024 9.97968 1.27838 71.0285
396 2.25907 0.0269143 -0.0875372 9.26201 0.655728 70.9826
397 2.27518 0.0157185 -0.0922555 8.23133 0.0104907 71.4412
398 2.27713 0.00780053 -0.0922313 7.33878 -0.305008 71.7324
399 2.28407 -0.00874427 -0.0889513 6.26891 -0.686193 71.52
400 2.2895 -0.026665 -0.0855066 4.5205 -0.721621 71.9811
401 2.28767 -0.0439197 -0.0764824 3.39466 -0.747897 72.2026
402 2.28697 -0.0636196 -0.0697224 1.67564 -0.763091 72.6179
403 2.27462 -0.0832402 -0.0503518 0.483641 -1.13543 72.5064
404 2.27498 -0.0943763 -0.0464122 -0.129609 -1.80267 72.6747
405 2.28285 -0.105555 -0.0390958 -1.23541 -3.22222 72.7324
406 2.28651 -0.109513 -0.0384766 -1.41278 -3.78762 72.463
407 2.3041 -0.116483 -0.0421968 -2.28099 -4.3479 72.356
408 2.3132 -0.12349 -0.0472121 -3.11824 -4.92423 72.3524
409 2.31284 -0.135825 -0.0388029 -3.91871 -5.27678 72.6212
410 2.31908 -0.149816 -0.0373379 -5.09796 -5.63218 72.2486
411 2.32047 -0.154341 -0.0392592 -5.38824 -5.5789 72.1535
412 2.3124 -0.164695 -0.0281588 -6.25797 -5.04396 72.3094
413 2.30158 -0.175955 -0.0150438 -7.05 -3.81086 72.7098
414 2.28538 -0.179442 -0.00419075 -7.37944 -2.7919 73.0708
415 2.27646 -0.180365 -0.00424368 -7.36203 -2.2389 73.1078
416 2.2546 -0.180696 0.00974448 -7.58997 -0.637635 73.7878
417 2.25644 -0.178465 0.00676311 -7.54397 0.246742 73.8263
418 2.24304 -0.17815 0.0110142 -7.45968 1.00643 74.0627
419 2.23736 -0.176585 0.0104208 -7.4194 1.963 73.9255
420 2.23255 -0.164918 0.0112021 -7.05989 3.69524 74.2551
421 2.23368 -0.157504 0.0170655 -6.9865 4.39548 74.437
422 2.22673 -0.153077 0.0202241 -6.75011 5.00989 74.8071
423 2.23368 -0.136824 0.0138386 -6.02382 5.93093 75.0938
424 2.23181 -0.122749 0.00508311 -4.72564 6.28748 74.6487
425 2.23662 -0.113181 -0.0134105 -4.25026 6.30873 75.0466
426 2.24243 -0.100192 -0.0107598 -2.80189 6.45777 75.0993
427 2.24791 -0.0830755 -0.0260008 -1.21289 6.2553 75.0982
428 2.24276 -0.0621006 -0.0457111 0.583241 6.33139 74.8978
429 2.24498 -0.0441544 -0.0460864 2.40655 6.44645 74.7025
430 2.24877 -0.03195 -0.0572625 3.22734 6.54987 74.9163
431 2.23965 -0.00623173 -0.0651083 5.89105 6.64682 74.1154
432 2.23067 0.0113104 -0.0750624 7.38902 6.3822 72.955
433 2.21284 0.0207312 -0.0762342 8.61816 5.92906 72.4764
434 2.21271 0.0310107 -0.0829354 9.44729 4.94339 71.566
435 2.2143 0.0319019 -0.0848608 9.50291 4.48724 71.4353
436 2.22393 0.024524 -0.0809126 9.1766 2.86652 71.5315
437 2.23022 0.0222388 -0.0845279 8.98865 2.13235 71.706
438 2.26092 0.0108179 -0.0899055 8.08398 0.835523 71.8916
439 2.2612 0.00118948 -0.0863589 7.63264 0.238824 71.986
440 2.27792 0.000407054 -0.0967228 7.04774 -0.27098 71.759
441 2.29638 -0.0109772 -0.0951605 5.99481 -0.805757 71.8751
442 2.29055 -0.025138 -0.0834247 5.21145 -1.02315 71.3578
443 2.28536 -0.0374134 -0.0704366 4.22468 -1.02899 71.0041
444 2.28772 -0.0361158 -0.0738543 3.92153 -0.814799 71.0044
445 2.28228 -0.038925 -0.061211 3.84663 -0.435897 70.9066
446 2.28425 -0.0338107 -0.0605443 4.17297 -0.190715 70.8785
447 2.28556 -0.0257742 -0.0625137 4.63283 -0.0428408 70.6541
448 2.28648 -0.0208907 -0.0620765 4.99572 0.125051 70.6299
449 2.28153 -0.0151033 -0.0602919 5.45923 0.556264 70.7639
450 2.27363 -0.00894528 -0.0559162 5.70982 1.31497 71.0217
451 2.26502 -0.00484798 -0.0548616 5.81628 2.1986 71.1871
452 2.25429 -0.00159863 -0.0538379 5.93933 2.90134 71.369
453 2.2412 -0.00136686 -0.0511582 5.86548 3.65592 71.5734
454 2.23972 0.00088859 -0.0507257 5.98049 4.39409 71.8163
455 2.23143 0.00323468 -0.05241 6.1159 5.17569 72.0593
456 2.22538 0.00480996 -0.0558972 6.1275 5.68665 72.1501
457 2.22327 0.00500589 -0.0503666 6.07984 5.8623 72.3067
458 2.22525 -0.000422779 -0.0488271 5.74108 5.96442 72.6456
459 2.22126 -0.000348505 -0.0458714 5.613 6.29113 73.0174
460 2.21987 0.000200768 -0.0504592 5.6196 6.34876 72.9289
461 2.21974 0.00056461 -0.0501286 5.60336 6.56091 73.1317
462 2.21255 -0.00212741 -0.0480203 5.50952 6.87229 73.4995
463 2.2114 -0.00239861 -0.048336 5.40292 7.03203 73.6104
464 2.21058 -0.00436114 -0.0496813 5.46358 7.23242 73.9528
465 2.21247 -0.00318747 -0.0542345 5.45909 7.07116 74.0347
466 2.21222 -0.00530886 -0.0487968 5.21319 6.70829 74.4222
467 2.2078 -0.00860068 -0.0476857 5.07431 6.29643 74.553
468 2.21482 -0.00852776 -0.0476492 5.06122 6.07978 74.5706
469 2.21565 -0.0103742 -0.0471257 4.98142 5.87422 74.7411
470 2.22048 -0.0103044 -0.0492412 4.94569 5.61555 74.7974
471 2.22382 -0.00858331 -0.0508697 5.04383 5.41415 74.9209
472 2.22505 -0.00594645 -0.05043 5.11708 5.24026 74.769
473 2.22077 -0.0077889 -0.0566626 5.22452 4.93992 75.0621
474 2.21614 -0.00431846 -0.0583458 5.40275 4.57357 74.9943
475 2.23054 0.0118299 -0.0731217 5.79056 3.76926 74.6427
476 2.23207 0.0130235 -0.0744542 5.79604 3.51435 74.6904
477 2.23213 0.0211831 -0.0837116 5.89735 3.22125 74.6296
478 2.24692 0.0293084 -0.0945023 5.30155 2.91458 74.7881
479 2.25236 0.0374922 -0.100581 4.73416 2.51178 74.9865
480 2.2467 0.040788 -0.0949527 4.08248 1.90853 75.4091
481 2.25642 0.0497789 -0.103789 3.93105 1.41697 75.1232
482 2.25579 0.063534 -0.112182 3.56126 1.09914 75.4831
483 2.26802 0.0819822 -0.123539 3.61486 0.158584 75.3403
484 2.2632 0.0877598 -0.119607 3.77835 -0.51788 75.3811
485 2.2789 0.101142 -0.141438 4.08815 -0.739337 74.8436
486 2.28509 0.102287 -0.148537 4.54398 -0.696128 74.3786
487 2.28652 0.106522 -0.149811 4.53586 -0.338702 73.9466
488 2.28909 0.115817 -0.158437 4.92062 -0.517489 72.7083
489 2.28148 0.120141 -0.151198 4.78338 -0.356544 72.7686
490 2.29524 0.124161 -0.154739 4.84115 -0.729196 71.7405
491 2.29824 0.122443 -0.156387 4.78038 -0.963886 71.4005
492 2.30446 0.124376 -0.155301 4.286 -0.687565 71.5518
493 2.29301 0.108951 -0.141707 4.4585 -0.898317 71.9092
494 2.30499 0.124746 -0.155481 4.34426 -1.24562 70.7254
495 2.31068 0.138294 -0.165195 4.44961 -1.49987 70.3749
496 2.30928 0.155917 -0.165198 4.41538 -1.39581 70.0198
497 2.31501 0.180303 -0.176249 4.60594 -1.46113 69.5307
498 2.30893 0.190628 -0.173017 4.64469 -1.40561 69.4907
499 2.31028 0.200606 -0.170614 4.46617 -1.64247 69.3178
500 2.3276 0.220099 -0.185217 4.48125 -2.02166 68.6077
501 2.3314 0.242519 -0.202249 4.8442 -2.66618 67.6144
502 2.34217 0.257014 -0.225224 5.11957 -2.90036 66.9449
503 2.34185 0.266026 -0.240434 5.30711 -2.89856 66.0714
504 2.34554 0.276168 -0.256256 4.82652 -2.98075 65.9044
505 2.3439 0.281574 -0.26199 4.65278 -3.14193 65.4925
506 2.34539 0.28221 -0.262931 3.84635 -3.36795 65.2036
507 2.33382 0.273704 -0.242673 3.49099 -3.69867 65.1842
508 2.34674 0.291604 -0.261008 3.10029 -3.92494 64.5161
509 2.34831 0.308073 -0.265209 2.83762 -3.98152 64.4161
510 2.34577 0.328556 -0.266646 2.89896 -3.89941 64.3523
511 2.34738 0.331178 -0.25493 2.10902 -3.77283 64.9552
512 2.33346 0.343787 -0.266695 1.82479 -2.91798 64.7305
513 2.34959 0.359417 -0.295405 1.71812 -2.71062 66.3535
514 2.3227 0.363121 -0.298741 2.14312 -2.38404 64.8042
515 2.32741 0.361075 -0.292974 2.02614 -2.62157 64.8567
516 2.32006 0.364217 -0.292326 2.02606 -3.05239 65.6767
517 2.33201 0.389037 -0.305777 2.51352 -3.93184 65.2101
518 2.32666 0.398429 -0.305191 2.49577 -4.42979 65.9015
519 2.34284 0.412076 -0.310972 2.66742 -4.3727 64.5079
520 2.34258 0.429543 -0.306697 2.50793 -4.45994 64.6499
521 2.3383 0.433079 -0.311764 2.55325 -4.52173 64.4397
522 2.33185 0.453755 -0.322881 2.74279 -4.08988 64.4156
523 2.33274 0.467797 -0.34048 2.86332 -3.88239 64.6228
524 2.32565 0.475289 -0.336313 2.61029 -3.86374 64.3057
525 2.32576 0.482916 -0.33571 2.48596 -3.93585 64.4391
526 2.33112 0.494513 -0.341529 2.39483 -4.23125 64.6821
527 2.32155 0.506282 -0.343402 2.21774 -3.8333 64.7889
528 2.3223 0.52084 -0.368423 2.04532 -3.54994 65.8978
529 2.30576 0.528624 -0.365184 2.22891 -3.27604 64.767
530 2.33881 0.546467 -0.380006 1.68247 -3.1005 68.3578
531 2.2937 0.54698 -0.363866 2.02442 -2.72105 65.0781
532 2.29188 0.55732 -0.352849 2.02772 -3.12054 65.6494
533 2.29746 0.579236 -0.381372 2.29674 -3.0872 65.612
534 2.2895 0.585374 -0.369707 2.52645 -3.144 65.3549
535 2.28882 0.592121 -0.375873 2.60704 -3.21509 65.3602
536 2.29008 0.601447 -0.384364 2.71022 -3.48302 65.3404
537 2.28753 0.605358 -0.393294 2.8272 -3.58408 65.3262
538 2.28939 0.610822 -0.409996 2.39267 -4.00401 65.5409
539 2.2902 0.606784 -0.40612 2.32966 -4.27143 65.5491
540 2.29147 0.607361 -0.414911 2.05702 -4.62919 65.7584
541 2.2885 0.617315 -0.425705 2.16716 -4.7955 65.8757
542 2.29445 0.619145 -0.427655 2.21596 -5.15286 65.588
543 2.29231 0.624801 -0.433378 1.98166 -5.33473 65.6457
544 2.29641 0.632048 -0.431078 1.73354 -5.6729 65.777
545 2.29785 0.635584 -0.435954 1.42314 -5.89798 65.7043
546 2.29411 0.64712 -0.4479 1.17338 -6.12872 65.6477
547 2.2961 0.646381 -0.451978 0.916299 -6.36046 65.6849
548 2.30441 0.641955 -0.441642 0.44667 -6.60602 66.0287
549 2.3022 0.643578 -0.443972 0.00444221 -6.46395 66.1398
550 2.29321 0.646708 -0.455951 0.174433 -6.45609 66.1658
551 2.29149 0.651087 -0.451936 0.160619 -6.44769 66.2654
552 2.29132 0.665729 -0.464651 -0.146203 -6.87707 66.2111
553 2.29633 0.667558 -0.457985 -0.231524 -7.34081 66.1636
554 2.30048 0.670536 -0.465788 -0.273781 -7.58903 65.7256
555 2.30229 0.670626 -0.469612 -0.589487 -7.87228 65.7075
556 2.30394 0.671438 -0.474621 -1.16594 -8.18215 65.9707
557 2.30368 0.66834 -0.465893 -1.3037 -8.112 65.8248
558 2.30552 0.66641 -0.47175 -1.90021 -8.24181 65.9118
559 2.30751 0.659811 -0.462542 -2.18926 -8.19656 66.1028
560 2.30252 0.664826 -0.487534 -2.95406 -8.30936 66.0103
561 2.31032 0.654913 -0.478537 -3.67421 -8.62226 65.983
562 2.31398 0.644832 -0.464502 -3.83669 -8.54011 66.0301
563 2.31468 0.640514 -0.463525 -4.38485 -8.60267 66.1808
564 2.32148 0.634492 -0.460492 -4.94499 -8.80826 66.3027
565 2.32498 0.635505 -0.460423 -5.19063 -8.86727 66.2957
566 2.31833 0.633411 -0.461187 -5.35769 -8.59127 66.0712
567 2.32058 0.631541 -0.451779 -5.38737 -8.46226 66.1255
568 2.32121 0.632006 -0.448374 -5.4018 -8.47373 66.1598
569 2.32077 0.630013 -0.441988 -5.11741 -8.3306 66.1657
570 2.3244 0.634086 -0.447948 -4.93069 -8.22912 66.1988
571 2.32081 0.632943 -0.441634 -4.54855 -8.05711 66.1636
572 2.31888 0.634398 -0.439091 -3.82057 -7.90307 66.0166
573 2.31735 0.640357 -0.439352 -2.92465 -7.57787 65.9514
574 2.31788 0.643266 -0.441231 -2.3121 -7.25906 66.1414
575 2.31368 0.638383 -0.427333 -1.5908 -7.19747 66.0347
576 2.31511 0.641414 -0.427719 -1.12562 -6.90644 66.097
577 2.3199 0.636584 -0.425939 -0.800208 -6.74142 66.2852
578 2.31962 0.634426 -0.417201 -0.304842 -6.63853 66.1044
579 2.31763 0.631463 -0.411109 0.437287 -6.42567 65.9141
580 2.31977 0.633642 -0.413102 0.765169 -6.35809 66.0597
581 2.31989 0.62445 -0.395541 1.31502 -6.36742 65.9336
582 2.33718 0.627807 -0.408915 1.64626 -6.52281 66.2218
583 2.33204 0.611695 -0.391696 2.38236 -6.41608 65.7548
584 2.33752 0.601604 -0.387874 2.81644 -6.39512 65.626
585 2.33788 0.59527 -0.377096 3.13315 -6.50463 65.8251
586 2.34966 0.594358 -0.379462 3.45922 -6.39906 65.8495
587 2.34423 0.58424 -0.368511 3.60223 -6.50176 65.926
588 2.35635 0.579474 -0.372724 4.28063 -6.39069 65.7908
589 2.36318 0.566197 -0.36773 4.75845 -6.49615 65.4979
590 2.35924 0.552293 -0.365287 5.07369 -6.276 65.5499
591 2.37616 0.53523 -0.348649 5.15842 -6.28511 66.0383
592 2.37788 0.516859 -0.343024 5.40307 -6.17053 65.9745
593 2.37171 0.499587 -0.333579 5.66944 -5.80638 65.5403
594 2.38222 0.486738 -0.329224 5.72714 -5.88024 66.0227
595 2.37938 0.471183 -0.319106 5.88154 -5.71446 65.6105
596 2.39136 0.463811 -0.318697 6.0285 -5.74243 66.2881
597 2.38278 0.449771 -0.30581 6.31244 -5.52238 65.6985
598 2.38776 0.432803 -0.291185 6.42105 -5.45064 65.9016
599 2.38961 0.424214 -0.290418 6.60591 -5.36348 65.9263
600 2.39498 0.390225 -0.273372 6.29242 -5.60755 66.0698
601 2.40684 0.363951 -0.259659 6.30515 -5.75617 66.3413
602 2.40153 0.346409 -0.261676 6.48764 -5.76954 66.0341
603 2.40885 0.323019 -0.24345 6.37303 -5.8272 66.3499
604 2.39996 0.299242 -0.239504 5.85904 -5.54697 66.7322
605 2.41537 0.279095 -0.221688 5.83826 -5.74032 66.9929
606 2.40587 0.266237 -0.221811 5.6674 -4.9455 67.1732
607 2.40281 0.257755 -0.223423 5.33879 -5.02275 67.2859
608 2.40772 0.24538 -0.21075 5.06342 -5.53964 67.5261
609 2.43642 0.242695 -0.194496 4.97238 -7.0058 67.496
610 2.4396 0.24677 -0.183279 4.9697 -6.78293 67.8372
611 2.42563 0.261843 -0.211307 5.64121 -6.53068 66.9927
612 2.42813 0.243906 -0.195695 5.12304 -6.10699 67.0525
613 2.43001 0.216722 -0.1649 4.20567 -5.90207 67.1068
614 2.43584 0.197223 -0.146722 4.03956 -6.00265 66.6684
615 2.44263 0.166444 -0.137856 4.35033 -5.60942 66.1371
616 2.43847 0.132237 -0.123731 4.52378 -4.88436 65.5617
617 2.44521 0.098558 -0.111276 4.70678 -5.03434 65.2451
618 2.44813 0.0533462 -0.105868 5.48641 -4.9532 64.5617
619 2.44774 0.0243546 -0.097418 5.99642 -4.67178 64.3207
620 2.45265 -0.015414 -0.0914437 6.68319 -4.61124 63.7534
621 2.45277 -0.0547521 -0.0911024 7.51464 -4.58072 63.092
622 2.44203 -0.0737649 -0.0924029 7.64079 -4.36589 62.5491
623 2.44847 -0.0863591 -0.0838333 7.51287 -4.36048 62.485
624 2.4459 -0.108596 -0.0760268 7.31607 -4.40411 62.446
625 2.45102 -0.121668 -0.0858057 6.99631 -4.47734 62.1049
626 2.45816 -0.150763 -0.063778 6.1913 -4.95621 61.9931
627 2.45169 -0.151498 -0.0536374 5.86146 -4.99145 61.9925
628 2.46957 -0.149275 -0.057074 5.89514 -6.01937 61.4297
629 2.47676 -0.142015 -0.0520425 6.28586 -6.20503 61.7304
630 2.46515 -0.121479 -0.0543564 6.41129 -6.18551 61.102
631 2.48341 -0.128684 -0.0528554 6.08987 -6.21278 60.6461
632 2.47989 -0.135228 -0.052229 5.93555 -5.95205 60.6065
633 2.47141 -0.160267 -0.047142 5.76364 -5.3009 60.4837
634 2.46502 -0.186818 -0.0418128 5.57511 -4.99017 60.2764
635 2.47121 -0.202752 -0.037493 5.70412 -5.11361 60.2979
636 2.46733 -0.231727 -0.0324552 5.69473 -4.95145 59.8651
637 2.46405 -0.270955 -0.0376029 6.38743 -4.84965 59.171
638 2.46775 -0.301847 -0.0377697 6.28333 -4.82727 58.7845
639 2.46292 -0.333442 -0.00978461 6.43639 -4.49273 59.177
640 2.45659 -0.349977 -0.0128315 6.80031 -4.43502 58.6728
641 2.45628 -0.363476 -0.0043691 6.85176 -4.37042 58.729
642 2.45306 -0.379736 -0.000470177 7.23854 -4.43241 58.5306
643 2.45251 -0.39706 0.0108666 7.66756 -4.43276 58.4187
644 2.45715 -0.419183 0.0174566 7.9441 -4.69382 58.1819
645 2.44928 -0.433865 0.0122421 8.34871 -4.90377 57.6142
646 2.44874 -0.451729 0.0149035 8.50371 -5.06342 57.2839
647 2.44859 -0.467549 0.0188368 8.71405 -5.244 56.9795
648 2.45041 -0.487479 0.0290257 8.82845 -5.53361 56.8827
649 2.44671 -0.492793 0.0193563 8.8219 -5.58592 56.5434
650 2.44216 -0.512012 0.0338247 8.77894 -5.81903 56.5483
651 2.4457 -0.528005 0.0447166 8.75509 -5.84394 56.5471
652 2.44525 -0.536655 0.0489601 8.80283 -6.00823 56.3971
653 2.44567 -0.540298 0.047212 8.78516 -5.91898 56.2818
654 2.44029 -0.543873 0.0610118 8.73124 -5.7215 56.3928
655 2.44507 -0.545317 0.0562412 8.71351 -5.49876 56.3031
656 2.43475 -0.551132 0.0748318 8.81767 -5.03035 56.5354
657 2.42678 -0.552035 0.0915715 8.82776 -4.26459 56.7521
658 2.42133 -0.556762 0.0974349 8.70097 -3.87848 56.7986
659 2.41516 -0.557438 0.100979 8.71058 -3.60508 56.8071
660 2.41196 -0.565688 0.119754 8.56391 -3.2815 57.043
661 2.41021 -0.57536 0.125321 8.40845 -3.14773 57.0047
662 2.40658 -0.577409 0.124676 8.46423 -3.07587 56.9333
663 2.40469 -0.583139 0.130733 8.44626 -2.93426 56.9846
664 2.40593 -0.588245 0.146205 8.73161 -2.67667 57.3199
665 2.40466 -0.586233 0.128831 8.90874 -2.64099 56.9923
666 2.39904 -0.593898 0.149735 8.92736 -2.44037 57.292
667 2.3967 -0.606501 0.148505 9.02026 -2.45465 57.1809
668 2.40002 -0.61621 0.157447 9.08524 -2.60321 57.219
669 2.39713 -0.619155 0.165922 9.33239 -2.41777 57.2739
670 2.39838 -0.621182 0.156748 9.33685 -2.31571 57.2305
671 2.391 -0.630422 0.171927 9.39603 -2.14301 57.4454
672 2.38909 -0.635666 0.168382 9.41918 -2.1926 57.3901
673 2.38876 -0.638825 0.169974 9.62657 -2.01595 57.4307
674 2.38367 -0.643355 0.170931 9.7196 -2.06191 57.5029
675 2.38573 -0.649501 0.172406 9.6725 -2.08743 57.5306
676 2.3777 -0.648265 0.168634 9.3532 -2.07653 57.829
677 2.39059 -0.665347 0.18591 9.02344 -2.18534 57.8596
678 2.38916 -0.667466 0.189938 8.7974 -2.11842 58.0655
679 2.39502 -0.689218 0.195478 8.08541 -2.27617 58.2542
680 2.40321 -0.70389 0.221896 6.99698 -1.91077 58.9341
681 2.37167 -0.715196 0.235518 6.60952 -1.62136 58.6685
682 2.37784 -0.726864 0.236695 6.30685 -1.6001 58.7843
683 2.36458 -0.731927 0.237411 6.32231 -1.38788 58.6866
684 2.35723 -0.735553 0.257995 6.24706 -1.2384 58.9309
685 2.34377 -0.726334 0.235559 6.30236 -1.42437 58.7149
686 2.36535 -0.743241 0.262119 5.81242 -1.97614 58.8273
687 2.36616 -0.746902 0.266472 5.69457 -2.09196 58.879
688 2.35588 -0.73893 0.256577 5.99022 -2.26566 58.7434
689 2.37278 -0.760291 0.264877 5.71339 -2.40201 58.7271
690 2.35936 -0.759694 0.267289 5.59795 -2.46505 58.7892
691 2.3772 -0.782743 0.281734 4.79149 -2.91113 59.2098
692 2.35082 -0.803764 0.284589 3.90723 -2.93456 58.9381
693 2.36301 -0.825243 0.303352 3.27014 -3.17969 59.0371
694 2.35305 -0.840635 0.313465 3.18937 -2.96944 59.037
695 2.34161 -0.838248 0.313285 3.24845 -3.11115 59.1793
696 2.35634 -0.849974 0.297563 3.33675 -3.36557 58.7764
697 2.34954 -0.850326 0.310242 3.5314 -3.05523 58.7924
698 2.34627 -0.854021 0.323275 3.47616 -3.12898 59.0042
699 2.34997 -0.856511 0.31979 3.65335 -3.3651 58.8483
700 2.34277 -0.875506 0.31155 3.40365 -3.41853 58.4932
701 2.34503 -0.879864 0.341938 3.43479 -3.40099 59.0477
702 2.33974 -0.878435 0.311055 3.68674 -3.41263 58.2519
703 2.3376 -0.881673 0.313647 3.62277 -3.77173 58.121
704 2.33 -0.890589 0.323299 3.31772 -3.87962 58.1934
705 2.3402 -0.895042 0.323198 3.34146 -4.03994 57.9517
706 2.3386 -0.895719 0.329756 3.41749 -4.16097 57.9528
707 2.34683 -0.89456 0.322954 3.55775 -4.16206 57.6005
708 2.34271 -0.896812 0.32107 3.61421 -4.03885 57.3664
709 2.34497 -0.901294 0.308081 3.6014 -3.81598 57.1841
710 2.34183 -0.902076 0.308241 3.68038 -3.52477 56.9666
711 2.33827 -0.902222 0.307014 3.6528 -3.32804 56.8182
712 2.32696 -0.900775 0.315955 3.63169 -2.86223 56.649
713 2.33613 -0.898887 0.3146 3.56062 -2.77305 56.6526
714 2.34688 -0.900989 0.317901 3.21923 -2.41319 56.7909
715 2.32338 -0.899002 0.321589 3.23696 -2.07543 56.3876
716 2.32933 -0.894093 0.314854 3.41084 -1.90442 56.2429
717 2.32776 -0.89575 0.315056 3.29159 -1.76339 56.1004
718 2.324 -0.894835 0.315924 3.29593 -1.51083 55.9867
719 2.32212 -0.894313 0.314916 3.28958 -1.40649 55.8458
720 2.32551 -0.894344 0.316948 3.13988 -1.26343 55.8231
721 2.32007 -0.893869 0.321203 3.00974 -1.15694 55.653
722 2.31922 -0.894388 0.323805 3.02868 -1.10186 55.5665
723 2.31737 -0.892062 0.319479 3.0311 -1.06287 55.3978
724 2.32002 -0.894073 0.326171 2.98743 -1.08405 55.3833
725 2.32218 -0.891899 0.326738 3.10961 -1.046 55.3002
726 2.31845 -0.886742 0.324505 3.20614 -1.1173 55.1621
727 2.32653 -0.886976 0.31984 3.29881 -1.22521 54.9737
728 2.32937 -0.885141 0.316785 3.32051 -1.28491 54.7957
729 2.32945 -0.8841 0.32308 3.33437 -1.20189 54.8507
730 2.32419 -0.876654 0.318928 3.50798 -1.17794 54.7858
731 2.32621 -0.874302 0.319764 3.50168 -1.31977 54.745
732 2.33452 -0.875775 0.313934 3.56432 -1.43855 54.547
733 2.33118 -0.870364 0.31531 3.58405 -1.35981 54.5744
734 2.33151 -0.868338 0.32069 3.58745 -1.44223 54.7737
735 2.3401 -0.869008 0.310389 3.65262 -1.57255 54.5165
736 2.33567 -0.867705 0.311688 3.64334 -1.51085 54.5997
737 2.3359 -0.864578 0.310868 3.63459 -1.50314 54.6716
738 2.33757 -0.862873 0.314554 3.65073 -1.52949 54.8501
739 2.33785 -0.860929 0.305769 3.71558 -1.45787 54.8491
740 2.33468 -0.85832 0.318788 3.6982 -1.37274 55.3676
741 2.32716 -0.850773 0.298533 3.83654 -1.51146 55.1731
742 2.33037 -0.851936 0.298824 3.60019 -1.5801 55.3596
743 2.33498 -0.858316 0.316458 3.50078 -1.55072 55.894
744 2.33301 -0.851855 0.305784 3.68781 -1.61336 55.9948
745 2.32602 -0.843639 0.29109 3.7197 -1.70382 56.0439
746 2.33432 -0.848718 0.307816 3.56985 -1.76216 56.5815
747 2.32618 -0.843244 0.293997 3.71098 -1.87394 56.7045
748 2.30906 -0.834807 0.271196 3.64212 -2.13979 56.7054
749 2.33782 -0.847806 0.301303 3.39637 -2.32887 57.1974
750 2.3389 -0.845771 0.308474 3.52793 -2.35405 57.7707
751 2.31653 -0.830814 0.270256 3.74378 -2.54664 57.4092
752 2.33831 -0.837289 0.286651 3.44032 -2.97958 58.0318
753 2.33696 -0.83648 0.299509 3.39535 -3.01837 58.8163
754 2.32673 -0.821059 0.274302 3.6217 -3.40928 58.7223
755 2.33826 -0.825253 0.279 3.51664 -3.65075 59.1579
756 2.34022 -0.824144 0.284378 3.46276 -3.75623 59.6023
757 2.33836 -0.82042 0.277239 3.35348 -3.83763 59.859
758 2.33291 -0.812926 0.271161 3.20482 -3.99345 60.2843
759 2.33958 -0.818887 0.291179 2.89387 -3.74085 61.3054
760 2.3371 -0.809374 0.273391 2.95041 -3.50937 61.5041
761 2.33083 -0.802066 0.281779 3.14682 -3.04525 62.2963
762 2.32613 -0.790193 0.274378 3.32202 -2.62369 62.7877
763 2.3245 -0.786003 0.265997 3.51858 -2.50446 63.0187
764 2.32006 -0.772351 0.260726 3.70214 -2.18169 63.3941
765 2.31521 -0.761727 0.271401 3.91141 -1.66045 64.3199
766 2.31142 -0.747527 0.259294 3.97895 -1.52763 64.4173
767 2.30851 -0.73192 0.254754 4.07682 -1.22771 64.8025
768 2.31024 -0.720199 0.251662 4.12751 -1.02969 65.2381
769 2.313 -0.710025 0.252317 4.18909 -0.940551 65.7454
770 2.30836 -0.685262 0.237591 4.40085 -0.815335 66.0291
771 2.31177 -0.666662 0.23128 4.30054 -0.857445 66.3916
772 2.32075 -0.653826 0.239344 4.17009 -1.0152 66.6817
773 2.30648 -0.636764 0.226588 4.18949 -1.06787 66.6864
774 2.31877 -0.60697 0.233637 4.06328 -1.2638 67.5463
775 2.3427 -0.591204 0.233872 3.71833 -1.75321 67.4449
776 2.34352 -0.580927 0.242315 3.69069 -1.7326 67.7204
777 2.36176 -0.548033 0.237207 4.03093 -2.23209 68.1204
778 2.35751 -0.516308 0.221482 4.57113 -2.50148 68.0848
779 2.37093 -0.481036 0.226107 4.39237 -2.89744 68.499
780 2.38682 -0.453874 0.227919 4.51225 -3.15095 68.976
781 2.38307 -0.405723 0.234687 4.54543 -2.54417 69.7785
782 2.40104 -0.391088 0.230284 4.72803 -2.61757 69.5347
783 2.39875 -0.352526 0.237096 5.16464 -2.13334 70.1139
784 2.39815 -0.332891 0.228619 5.22255 -2.06107 70.2521
785 2.40256 -0.305236 0.226123 5.99073 -1.87526 70.8616
786 2.39361 -0.277377 0.20643 6.74182 -1.60311 70.9771
787 2.39747 -0.256009 0.19792 7.53995 -1.19035 71.1024
788 2.40536 -0.221498 0.198175 8.60258 -0.581585 72.0031
789 2.40212 -0.198988 0.180163 9.22726 -0.347647 71.8036
790 2.40118 -0.174582 0.171381 9.9235 -0.09934 71.8398
791 2.40119 -0.160889 0.167559 10.4212 0.115763 71.9776
792 2.3916 -0.126289 0.147117 11.7395 0.747444 71.6184
793 2.39345 -0.113652 0.135026 12.1784 0.763637 71.6347
794 2.39225 -0.0849869 0.112912 13.658 1.16448 71.5659
795 2.38115 -0.0610407 0.0891572 14.9185 1.70149 70.9386
796 2.37292 -0.0470716 0.0700055 15.609 1.99815 70.6825
797 2.35905 -0.0460645 0.0576185 15.407 2.32565 70.7595
798 2.36961 -0.0608677 0.0563807 14.4123 1.40939 71.5456
799 2.36921 -0.0822908 0.0582011 13.6129 1.34473 71.3512
800 2.3752 -0.0910155 0.0533245 13.2992 1.20346 71.953
801 2.36525 -0.123959 0.0567585 12.1808 1.26084 72.1143
802 2.37023 -0.142356 0.0405786 11.4095 1.34731 72.6248
803 2.35864 -0.170048 0.0454767 10.4384 1.11941 72.5772
804 2.37587 -0.18107 0.039024 9.77135 1.0911 73.384
805 2.35653 -0.204571 0.0465102 8.88302 1.00914 72.8546
806 2.3688 -0.214499 0.0448865 8.23701 0.96767 73.6834
807 2.3486 -0.237713 0.051114 7.08291 1.04137 73.0764
808 2.34238 -0.243713 0.0695842 7.0507 1.29831 73.2418
809 2.33233 -0.242211 0.0609382 6.92284 1.39348 72.7281
810 2.33739 -0.239379 0.05663 6.96294 1.1925 72.8709
811 2.34765 -0.245047 0.0607603 7.17757 1.08336 73.1738
812 2.34277 -0.23824 0.0482392 7.53657 0.75503 72.1579
813 2.35802 -0.241854 0.0569203 7.38366 0.809777 72.4716
814 2.34905 -0.23176 0.0461599 7.80787 0.915338 71.6314
815 2.35649 -0.227183 0.0493992 8.1041 0.968975 71.6337
816 2.35519 -0.225256 0.0475427 7.89574 0.682247 71.0575
817 2.36049 -0.218109 0.0442448 8.48023 0.864026 70.8016
818 2.36847 -0.204852 0.0456407 9.11917 1.20815 70.8327
819 2.36755 -0.192294 0.0472814 8.99544 1.44158 70.3763
820 2.35527 -0.169931 0.0360832 9.36954 1.46927 69.6105
821 2.36585 -0.158251 0.0423303 9.17641 1.25849 68.977
822 2.37162 -0.15466 0.0376255 9.08365 1.00829 68.7313
823 2.39009 -0.159984 0.0287338 8.53833 0.745724 68.5424
824 2.37829 -0.170585 0.0451307 8.05163 0.896747 68.1578
825 2.3717 -0.170718 0.0533867 7.84846 1.55909 68.0614
826 2.36577 -0.176145 0.0607165 7.4022 1.94815 68.0826
827 2.36282 -0.176331 0.0583517 7.46331 2.01411 68.0005
828 2.35886 -0.180723 0.063702 7.39397 2.30898 68.1638
829 2.35024 -0.17704 0.0579796 7.41292 2.88733 68.1486
830 2.33493 -0.183082 0.0648431 7.34102 3.64338 68.402
831 2.33525 -0.178382 0.0547821 7.32305 4.03652 68.5716
832 2.32625 -0.179955 0.0661616 7.2324 4.36921 68.8101
833 2.31434 -0.182775 0.0742898 6.87874 4.92491 69.1429
834 2.30454 -0.176284 0.0735491 7.32324 5.47009 69.3746
835 2.29974 -0.166754 0.0619251 7.73351 5.88354 69.2896
836 2.28872 -0.163726 0.0649934 7.73008 6.15423 69.3115
837 2.26838 -0.147425 0.0574824 8.15388 7.17517 69.3029
838 2.25734 -0.139435 0.0650542 8.56741 8.13525 69.8704
839 2.24307 -0.131019 0.0495116 8.82356 8.25358 69.0328
840 2.23182 -0.131998 0.0435532 8.7942 8.15314 69.1455
841 2.23796 -0.136249 0.0418657 8.36744 7.77417 69.1897
842 2.23775 -0.138904 0.0405255 8.11172 7.53825 69.2872
843 2.23458 -0.136072 0.0435804 7.53844 7.68204 69.7378
844 2.22198 -0.135927 0.0550804 7.23718 7.61546 69.6179
845 2.2292 -0.140427 0.0563946 6.71151 7.28988 69.7976
846 2.22632 -0.137091 0.0536351 6.5796 6.982 70.0822
847 2.20379 -0.12586 0.0558313 6.58064 7.38003 70.5223
848 2.20449 -0.119754 0.0544338 6.75486 7.56044 70.6302
849 2.20588 -0.121574 0.0549555 6.60078 7.43542 70.7325
850 2.19778 -0.115855 0.0529687 6.69667 7.58534 70.991
851 2.20088 -0.115477 0.0519549 6.79798 7.19362 71.527
852 2.18339 -0.108144 0.0399817 7.30918 7.65639 71.3022
853 2.1845 -0.110771 0.049374 7.48694 7.89938 72.3579
854 2.17782 -0.101356 0.0309709 8.06596 8.07555 72.1123
855 2.14966 -0.0918078 0.00394998 9.04697 7.76599 70.8341
856 2.13968 -0.0917202 0.0043778 8.7358 6.82095 70.8938
857 2.16653 -0.0914431 -0.00938145 8.20326 6.40065 71.604
858 2.15515 -0.10249 0.00127391 7.78675 5.94491 71.2313
859 2.1495 -0.104723 0.00724983 7.33259 5.92598 71.4022
860 2.15242 -0.102754 0.0104564 7.12386 5.71108 71.5098
861 2.15239 -0.0976409 0.0124393 7.21795 5.67616 71.7721
862 2.14999 -0.0869054 0.0101992 7.50194 5.68406 72.2739
863 2.15054 -0.0822196 0.00943714 7.56068 5.6464 72.4693
864 2.13923 -0.0704313 0.00483847 8.10655 5.73112 72.3824
865 2.14156 -0.052718 -0.0057914 9.39788 6.19852 72.7171
866 2.1413 -0.043341 -0.00936924 10.1934 6.59814 73.0595
867 2.13256 -0.032229 -0.0258812 11.096 6.94221 72.3549
868 2.12181 -0.0259767 -0.0381136 11.5958 7.15194 71.7103
869 2.11621 -0.02475 -0.0426346 11.7108 7.07199 71.6406
870 2.11407 -0.0172603 -0.0503951 11.9629 7.0845 71.4435
871 2.12056 -0.0184534 -0.0514228 11.8918 7.02777 71.3035
872 2.12049 -0.0195191 -0.0527852 11.7095 7.0991 71.326
873 2.12075 -0.0233652 -0.0502845 11.3052 7.11951 71.4733
874 2.11949 -0.0247703 -0.046461 11.1415 7.17808 71.5092
875 2.12558 -0.0250759 -0.0510849 10.9787 7.10095 71.81
876 2.11849 -0.0297281 -0.0430412 10.7808 6.88579 71.4275
877 2.11848 -0.0309705 -0.0443838 10.7743 6.6823 71.502
878 2.13439 -0.0385098 -0.0469752 10.1422 6.30956 71.7357
879 2.12959 -0.0482531 -0.0374456 9.55034 6.44963 71.6253
880 2.11267 -0.0520392 -0.0293961 9.37299 6.27331 71.9891
881 2.13388 -0.059113 -0.0277204 8.56001 4.66757 72.2239
882 2.15257 -0.0637271 -0.0252992 8.37321 4.17495 71.6425
883 2.15593 -0.0674446 -0.0336927 7.9274 4.39165 71.8891
884 2.14218 -0.0717396 -0.0160017 7.51859 5.3996 72.0313
885 2.13344 -0.0745444 -0.0125335 7.39393 5.00707 72.1716
886 2.12707 -0.0750502 -0.013894 7.49074 4.51482 71.9209
887 2.15813 -0.0834024 -0.023885 7.00612 3.83312 71.866
888 2.15199 -0.081582 -0.0244257 6.266 5.18654 72.8267
889 2.14145 -0.0870273 -0.00447736 5.81009 5.93238 72.7114
890 2.13251 -0.0938639 -0.000610699 5.52677 5.54575 72.7065
891 2.16457 -0.109364 -0.0170086 5.05232 3.34046 72.3969
892 2.16078 -0.121575 -0.0128431 4.29684 3.53382 72.32
893 2.15451 -0.126068 -0.0126368 3.5551 4.43059 73.0115
894 2.15077 -0.128656 -0.000997924 3.29254 4.75427 72.6989
895 2.13394 -0.133363 0.00892615 3.05987 4.75565 72.9106
896 2.1533 -0.156137 0.00686703 2.04815 2.07334 72.4773
897 2.17709 -0.156465 -0.00516143 1.9595 1.68872 72.4108
898 2.16842 -0.164344 -0.00867939 1.10708 2.1446 72.8082
899 2.15817 -0.165589 0.00223638 0.229543 3.64297 73.3697
900 2.14638 -0.170602 0.0144824 -0.0543671 4.18433 73.1004
901 2.1573 -0.167947 0.0127461 -0.446021 4.60881 73.6293
902 2.1314 -0.182405 0.023906 -0.554317 3.71713 73.2545
903 2.17198 -0.187999 0.00451008 -0.584538 2.25963 72.8991
904 2.1639 -0.190394 0.00704796 -0.652882 2.51256 72.8801
905 2.14047 -0.190524 0.0172081 -1.17292 3.94269 73.302
906 2.14297 -0.192466 0.0282448 -1.80175 3.69419 73.7049
907 2.1458 -0.199004 0.0287261 -1.88649 3.1182 73.6087
908 2.1633 -0.196302 0.017068 -1.5648 2.82941 73.2325
909 2.16464 -0.198552 0.0161805 -1.78448 2.76465 73.2535
910 2.15835 -0.200756 0.0226769 -2.0519 3.17621 73.3292
911 2.15878 -0.198786 0.0282016 -2.2638 3.49137 74.0834
912 2.17453 -0.191949 0.0157708 -1.19191 2.40316 74.0321
913 2.16477 -0.178709 0.0197048 -0.370326 3.06174 73.7475
914 2.16342 -0.162703 0.0222282 0.346075 4.05336 74.1968
915 2.16348 -0.154326 0.0154753 0.807127 4.21424 73.9139
916 2.15799 -0.146482 0.0116147 1.22235 4.10622 73.9421
917 2.15979 -0.136388 0.00500125 2.45707 3.18047 73.5423
918 2.17867 -0.126159 -0.00227096 3.04327 2.85204 73.1349
919 2.17053 -0.110526 0.0119545 3.87859 3.70413 73.3786
920 2.16707 -0.0815672 -0.00146027 5.22064 4.80742 73.0566
921 2.15806 -0.076056 -0.00242519 5.71395 4.4786 72.8267
922 2.19735 -0.0594611 -0.0102944 7.24128 3.37636 72.6299
923 2.18555 -0.0534037 -0.00363162 7.86427 3.86334 72.8242
924 2.1724 -0.038441 -0.0127506 8.44374 4.46765 72.0131
925 2.18507 -0.0335493 -0.00998545 8.80134 4.77471 72.6426
926 2.15753 -0.0203245 -0.02673 9.93881 4.53456 71.5503
927 2.18729 -0.0110939 -0.0295577 10.7791 3.49908 71.2503
928 2.19018 -0.00419134 -0.0298087 11.2651 3.56158 70.9056
929 2.17789 0.00103771 -0.0300401 11.4971 3.98218 70.3933
930 2.1735 0.00527157 -0.0229849 11.706 4.60134 70.8955
931 2.17621 0.0113384 -0.0320078 11.9108 4.86562 70.4805
932 2.15677 0.0167448 -0.0324271 12.2336 4.56774 70.1799
933 2.18099 0.0166273 -0.0404553 12.3963 3.59321 69.8823
934 2.19026 0.0133579 -0.0394094 11.9834 3.68606 70.2491
935 2.1869 0.00956965 -0.0366973 11.6573 3.64398 70.703
936 2.19717 -0.00143141 -0.0363022 11.1608 3.10816 70.879
937 2.19289 -0.00828796 -0.0360776 10.6381 2.78184 71.2116
938 2.22267 -0.0183208 -0.04381 9.44473 2.57149 72.1895
939 2.22329 -0.0272268 -0.0332482 8.49984 2.5845 72.5091
940 2.19092 -0.043264 -0.0131837 7.98812 2.84861 71.9219
941 2.19065 -0.0508312 0.00249657 7.18788 3.89063 72.0587
942 2.18971 -0.0535793 0.00865201 6.914 3.8102 72.3653
943 2.16068 -0.0592548 0.0142478 6.90643 3.34985 72.0957
944 2.1651 -0.0730407 0.00728617 6.7494 1.33527 71.8373
945 2.22391 -0.0693588 -0.0102533 6.66766 0.728572 71.7662
946 2.21399 -0.0716954 0.0049021 6.56661 1.08428 71.8397
947 2.21582 -0.0703677 -0.0073227 6.42357 1.52089 72.0659
948 2.19209 -0.076187 0.00930064 6.1866 1.41909 72.1722
949 2.17065 -0.0830406 0.0104487 5.97649 0.602269 72.298
950 2.19953 -0.0908069 0.00244656 5.88882 -0.362052 71.9917
951 2.21745 -0.0872292 0.000379596 6.09367 -0.93088 71.5617
952 2.22245 -0.0904983 -0.0066584 5.96909 -0.810634 71.7004
953 2.21395 -0.0938059 0.0033542 5.25595 0.474879 72.2764
954 2.21948 -0.0935472 0.00591498 5.13185 0.879583 72.4617
955 2.18592 -0.10375 0.0146295 4.78583 -0.004354 72.4384
956 2.20402 -0.112455 0.00810955 4.79875 -1.89953 72.095
957 2.23864 -0.11364 0.00227328 4.76762 -2.47302 71.8748
958 2.24975 -0.112145 -0.00356438 4.69807 -2.5342 71.8348
959 2.20567 -0.11603 0.0152967 4.28494 -1.21755 72.3495
960 2.20318 -0.110885 0.0194784 3.90479 0.718103 72.6576
961 2.1879 -0.106016 0.0239251 3.83527 1.74757 72.8502
962 2.19855 -0.100615 0.03006 3.61595 2.46987 72.915
963 2.18904 -0.0988529 0.0437014 3.69095 3.21831 73.6124
964 2.1927 -0.0906832 0.0368162 3.87255 3.77603 73.2216
965 2.20016 -0.0920591 0.0489563 3.89964 4.30962 74.2407
966 2.19245 -0.0773457 0.0471264 4.53697 5.44689 74.0926
967 2.19658 -0.0737405 0.0439741 4.91407 5.8781 74.7115
968 2.18341 -0.0671051 0.0370201 5.50402 6.14801 74.1695
969 2.19157 -0.0506572 0.0374302 6.16923 7.06241 74.6983
970 2.18939 -0.0366721 0.0376613 7.29589 7.47886 74.3202
971 2.1736 -0.0245468 0.0254728 8.11405 7.41624 73.4071
972 2.19971 -0.0181219 0.0279436 8.70509 7.46308 74.671
973 2.18246 -0.0108409 0.0131568 9.36407 7.1721 73.4615
974 2.16466 -0.0061473 0.00443287 10.5992 6.28145 72.9715
975 2.17081 -0.00326091 -0.00614478 11.1252 5.52624 72.6502
976 2.18568 -0.00228427 -0.0109443 11.658 4.82574 72.5424
977 2.1636 -0.00265796 -0.0157001 12.1352 4.00011 71.5115
978 2.17829 -0.0048459 -0.0240655 12.243 3.06952 71.1639
979 2.19218 -0.00980885 -0.0270102 12.1872 2.2608 71.1878
980 2.22237 -0.0230663 -0.0316105 11.4393 0.815587 71.9182
981 2.25119 -0.0290583 -0.036108 10.72 0.320022 72.6932
982 2.2476 -0.03723 -0.0366403 9.81757 -0.159166 72.8497
983 2.25579 -0.0567794 -0.0247315 9.08942 -0.735971 72.7125
984 2.27939 -0.0607245 -0.0371683 7.9974 -1.0676 74.3895
985 2.28218 -0.0926664 -0.0186887 5.65799 -1.84512 74.3465
986 2.29795 -0.101329 -0.0277982 4.28717 -2.10409 75.3874
987 2.29075 -0.113043 -0.0262699 3.13511 -2.18717 74.4921
988 2.28617 -0.13688 0.00421335 1.89521 -2.27561 75.0751
989 2.28821 -0.143768 -0.00412156 0.767322 -2.38058 75.3822
990 2.28386 -0.156171 0.00631763 -0.283583 -2.47462 74.6497
991 2.28075 -0.176746 0.024487 -2.13575 -2.2683 75.0102
992 2.27785 -0.188289 0.0391143 -3.00112 -2.22631 74.8957
993 2.26242 -0.199021 0.058583 -3.83473 -1.55348 74.5022
994 2.24378 -0.21035 0.0775074 -4.06583 -1.38711 74.286
995 2.23403 -0.209801 0.0855263 -4.04829 -0.724557 74.6252
996 2.24405 -0.20053 0.0941781 -3.9592 -0.13549 75.2508
997 2.24932 -0.193051 0.0886445 -3.55287 0.0871445 75.3288
998 2.23974 -0.183155 0.0903861 -2.8575 0.873222 75.6926
999 2.24655 -0.173245 0.0871387 -2.4654 1.24205 75.8917
1000 2.24388 -0.170432 0.0904325 -2.03341 1.34063 75.5682
1001 2.2564 -0.162683 0.0908518 -1.45931 1.57432 76.4086
1002 2.23409 -0.158817 0.0833766 -0.718412 1.36774 75.6148
1003 2.25288 -0.15124 0.0791077 -0.218676 1.20691 75.2317
1004 2.25777 -0.145783 0.0773755 0.250399 1.20959 75.0885
1005 2.24424 -0.139753 0.0692089 1.14344 0.925081 74.3961
1006 2.27045 -0.135567 0.0694898 1.63243 0.664211 74.7311
1007 2.26513 -0.12932 0.0587366 2.44762 0.410424 73.6446
1008 2.27317 -0.128552 0.0588759 2.67024 0.337698 73.6416
1009 2.27455 -0.127245 0.0591799 3.02619 0.416124 73.5226
1010 2.27769 -0.123131 0.0496734 3.53929 0.168025 72.7683
1011 2.28546 -0.119806 0.0458597 3.98388 0.138959 72.5069
1012 2.2816 -0.118783 0.0432387 4.23593 0.0297487 71.8009
1013 2.28606 -0.1172 0.0365302 4.46382 -0.0356085 71.0047
1014 2.28533 -0.121151 0.0395796 4.46345 -0.173764 70.7323
1015 2.28803 -0.11895 0.0318987 4.68812 -0.216416 70.2789
1016 2.29543 -0.125269 0.0307733 4.84489 -0.447471 69.0505
1017 2.30447 -0.130401 0.0313083 5.02142 -0.609346 68.4845
1018 2.29921 -0.134656 0.0302563 5.03881 -0.771241 67.5434
1019 2.31221 -0.13804 0.0289312 4.96541 -0.82963 66.848
1020 2.31132 -0.137621 0.0267981 4.94954 -0.816145 66.5046
1021 2.31668 -0.144011 0.0333624 4.85334 -0.937226 65.9438
1022 2.32333 -0.143019 0.0256313 4.99623 -0.92647 65.1419
1023 2.3244 -0.149095 0.0370275 4.86841 -0.732649 64.7518
1024 2.32318 -0.147324 0.0288435 4.98001 -0.693476 64.3504
1025 2.32752 -0.148345 0.0317218 4.90148 -0.464405 63.8943
1026 2.32473 -0.15284 0.0346794 4.79763 -0.378422 63.6441
1027 2.31733 -0.153998 0.0328637 4.78887 -0.102034 63.373
1028 2.32588 -0.153155 0.0372486 4.47436 0.342938 63.1599
1029 2.3253 -0.152245 0.0373003 4.51049 0.625252 62.809
1030 2.32701 -0.15637 0.0512433 4.23648 0.664645 62.5003
1031 2.32398 -0.156262 0.0460312 4.33932 0.731895 61.9915
1032 2.32914 -0.155739 0.0454017 4.36909 0.646632 61.7288
1033 2.33629 -0.153673 0.0423846 4.72463 0.525243 61.1506
1034 2.33684 -0.154831 0.0424076 4.71908 0.340101 60.622
1035 2.34138 -0.155088 0.0362189 4.74061 0.356955 60.1232
1036 2.34344 -0.155452 0.038774 4.6884 0.38475 60.054
1037 2.34629 -0.158246 0.0422935 4.40539 0.313534 59.6074
1038 2.34869 -0.158035 0.0407187 4.35617 0.372284 59.2571
1039 2.35059 -0.160273 0.0455135 4.19635 0.417723 58.8883
1040 2.35585 -0.162354 0.0463235 4.23806 0.3287 58.6258
1041 2.35544 -0.159433 0.038918 4.17592 0.421 57.9898
1042 2.3609 -0.163139 0.0428034 4.05211 0.410645 57.6091
1043 2.36332 -0.166178 0.0477472 3.94825 0.482794 57.3335
1044 2.36209 -0.165084 0.045353 3.97349 0.471079 56.9494
1045 2.36619 -0.162866 0.0463334 4.0641 0.444402 56.8357
1046 2.37327 -0.159545 0.0429544 4.34495 0.358252 56.6238
1047 2.37359 -0.156279 0.0433665 4.54717 0.354386 56.2292
1048 2.37711 -0.151667 0.0408495 4.78094 0.308171 56.2379
1049 2.38073 -0.149364 0.0369761 5.06803 0.216276 55.9519
1050 2.38712 -0.141227 0.0332487 5.49414 0.131556 55.6798
1051 2.38519 -0.138784 0.0291599 5.77722 0.0843294 55.2805
1052 2.38204 -0.130205 0.0243567 6.19115 0.0746691 54.8328
1053 2.38745 -0.125049 0.0243486 6.37672 0.0951688 54.4858
1054 2.39032 -0.12571 0.0241803 6.41664 0.064289 54.3858
1055 2.38861 -0.124964 0.0216109 6.54558 0.0836203 54.1967
1056 2.38915 -0.121419 0.0225149 6.56613 0.0400009 53.8942
1057 2.39275 -0.118209 0.0210178 6.58864 0.0125818 53.7322
1058 2.39545 -0.119695 0.0183446 6.56129 -0.0834484 53.4731
1059 2.39707 -0.120205 0.0201472 6.4614 -0.109523 53.327
1060 2.40438 -0.122643 0.0147508 6.18683 -0.181696 53.2279
1061 2.40198 -0.129874 0.021012 5.96359 -0.295278 53.0632
1062 2.40851 -0.13391 0.0178364 5.7162 -0.322064 53.1525
1063 2.40619 -0.147609 0.0221329 5.22478 -0.443863 52.9351
1064 2.40404 -0.162491 0.0264222 4.87524 -0.449103 52.9265
1065 2.40295 -0.170156 0.0288232 4.71427 -0.464136 52.9387
1066 2.39919 -0.181021 0.0290733 4.38242 -0.453857 53.0726
1067 2.40512 -0.188212 0.0229471 4.15281 -0.513369 53.154
1068 2.39848 -0.200314 0.0359416 3.83187 -0.424461 53.2559
1069 2.39493 -0.202435 0.0323294 3.65247 -0.362763 53.4802
1070 2.39507 -0.206253 0.0387779 3.51011 -0.363768 53.5885
1071 2.38962 -0.210817 0.0473484 3.29096 -0.137074 54.0452
1072 2.38879 -0.209075 0.0406484 3.24196 -0.0985318 54.1329
1073 2.38949 -0.214268 0.057519 2.96213 -0.0335822 54.8268
1074 2.3877 -0.212945 0.0569418 3.09317 -0.0108814 55.1048
1075 2.38383 -0.212351 0.0536319 3.18095 -0.0225883 55.1931
1076 2.38472 -0.212046 0.055916 3.23571 0.0831001 55.74
1077 2.38143 -0.212226 0.0564091 3.39434 0.0805755 56.1285
1078 2.38121 -0.213178 0.0551115 3.50617 0.0866547 56.4512
1079 2.38076 -0.211516 0.0555539 3.66962 0.303848 57.0887
1080 2.36879 -0.206459 0.0510659 3.85193 0.372789 57.1104
1081 2.37104 -0.201318 0.0521493 3.95718 0.491593 57.663
1082 2.36009 -0.186859 0.0522296 4.34556 1.0359 58.4628
1083 2.35624 -0.181729 0.0550496 4.34036 1.23282 58.9078
1084 2.34485 -0.169027 0.0538684 4.42296 1.65735 59.6209
1085 2.34474 -0.164841 0.0639053 4.37217 1.78484 60.3537
1086 2.34459 -0.158607 0.054249 4.37304 1.83874 60.5263
1087 2.34031 -0.152922 0.0683307 4.42524 2.11776 62.0672
1088 2.32912 -0.141309 0.065439 4.5393 2.1412 62.3745
1089 2.3221 -0.135366 0.063915 4.66289 2.28641 62.8499
1090 2.31401 -0.131017 0.0670206 4.68117 2.18257 63.4462
1091 2.31362 -0.115458 0.0580482 4.82492 2.23642 63.8943
1092 2.31355 -0.113228 0.0636218 4.81828 2.151 64.5558
1093 2.32308 -0.105611 0.0588746 5.0713 2.24082 65.1698
1094 2.31052 -0.0879254 0.0483912 5.29015 2.15801 65.299
1095 2.30856 -0.0816461 0.0569162 5.29513 2.4063 65.9796
1096 2.298 -0.0711979 0.0520952 5.32676 2.5822 66.4319
1097 2.29241 -0.0604611 0.0540187 5.26889 3.15956 67.2289
1098 2.2887 -0.0583435 0.0516255 5.28626 3.2427 67.4362
1099 2.28351 -0.0579797 0.0553109 5.17661 3.55082 68.0442
1100 2.28092 -0.0571141 0.0457554 5.26121 3.6979 67.992
1101 2.29886 -0.0555991 0.050099 5.84818 4.47122 70.7104
1102 2.24822 -0.0444224 0.0132242 7.01859 4.61057 67.6513
1103 2.25855 -0.0567205 0.0126012 6.76093 4.09073 67.2386
1104 2.26679 -0.0571572 0.00764003 5.79486 4.50079 68.0305
1105 2.21261 -0.0734734 0.0314084 4.93104 5.62062 66.8703
1106 2.20213 -0.066964 0.0212618 5.58153 5.69933 67.0104
1107 2.18583 -0.0467223 0.00800656 5.87339 5.65828 66.7971
1108 2.20283 -0.028379 -0.00644976 5.52712 5.54406 66.6151
1109 2.19327 -0.0200557 -0.00609864 5.45345 5.82783 66.7156
1110 2.18168 0.00796733 -0.0026402 4.28222 6.06195 67.0936
1111 2.17106 0.0183015 -0.00141298 3.98721 5.93927 67.2002
1112 2.15961 0.0274833 0.000358653 3.76268 5.61271 67.2107
1113 2.16349 0.0350448 -0.0125291 3.97352 5.38929 66.8866
1114 2.14267 0.0437688 -0.00952087 3.47825 5.41629 66.8031
1115 2.12361 0.0394296 -0.00354973 2.46992 5.16826 66.7895
1116 2.12256 0.0311658 0.00102703 2.19934 4.80567 66.0986
1117 2.11217 0.0328337 -0.00596511 2.43322 4.67261 65.6717
1118 2.09325 0.0391491 -0.0232553 3.197 4.84351 64.9748
1119 2.08347 0.0453651 -0.0292057 3.26853 5.08844 64.6659
1120 2.06802 0.0497908 -0.0306771 3.27553 5.45895 64.1445
1121 2.06279 0.0580416 -0.0366523 3.33611 5.63079 63.5961
1122 2.05002 0.0631692 -0.032181 3.27588 6.30964 63.6855
1123 2.0404 0.0694917 -0.0371736 3.00835 7.26172 63.4373
1124 2.03667 0.0795199 -0.0494945 2.47812 7.5296 63.2304
1125 2.03839 0.0808446 -0.0504682 2.07326 7.31569 63.0496
1126 2.02755 0.0771217 -0.0391644 1.82371 7.37386 62.6372
1127 2.01795 0.0751432 -0.0360375 1.51688 7.75942 62.6418
1128 2.01874 0.0807315 -0.0474199 1.09055 7.88006 63.3101
1129 2.01041 0.0691566 -0.0371165 1.16926 7.1934 62.6686
1130 2.02292 0.0737884 -0.0449318 1.27986 6.43049 62.3833
1131 2.02605 0.07531 -0.0493182 1.48183 6.09316 62.2603
1132 2.03091 0.0805455 -0.0594761 2.02008 6.10747 62.6906
1133 2.03271 0.0862006 -0.0625217 2.60151 5.77224 62.3493
1134 2.02033 0.0932201 -0.0681809 3.34749 5.67082 61.725
1135 2.03081 0.0979427 -0.0716163 3.56153 5.61745 61.9026
1136 2.0294 0.111176 -0.0692078 4.32168 5.68616 61.7881
1137 2.02713 0.123049 -0.0685109 4.65407 5.96679 61.7124
1138 2.01484 0.1328 -0.0708914 5.41762 6.01352 60.7613
1139 2.0141 0.141063 -0.0711077 5.8365 6.2259 60.7005
1140 2.00314 0.144663 -0.0701381 6.18344 6.02444 60.2594
1141 2.01152 0.146741 -0.0646538 5.9067 5.89807 60.1808
1142 2.00582 0.147855 -0.064007 5.87054 5.95192 59.9111
1143 2.0044 0.147201 -0.0632296 5.95835 6.04366 60.0325
1144 1.99753 0.152095 -0.0634046 5.94664 6.30685 59.7286
1145 1.98907 0.153463 -0.0589382 5.97274 6.82686 59.9531
1146 1.98759 0.154688 -0.0647582 6.01512 6.97659 59.6685
1147 1.98204 0.155784 -0.0624083 6.1278 7.80602 60.8766
1148 1.96898 0.163093 -0.0732114 6.27363 8.36389 59.6206
1149 1.96457 0.162149 -0.06537 6.19984 8.65512 59.5222
1150 1.95745 0.157332 -0.0549373 5.90301 8.55878 59.5562
1151 1.96482 0.159903 -0.0577364 5.93865 8.27647 59.3529
1152 1.94359 0.154978 -0.0506959 6.27197 8.03843 59.3925
1153 1.96097 0.16247 -0.0564935 6.22623 7.50286 59.1669
1154 1.96109 0.16351 -0.0578855 6.24528 7.35041 59.325
1155 1.97123 0.164032 -0.0549797 5.69343 6.81434 59.4554
1156 1.97264 0.158734 -0.0631234 5.49981 6.58483 59.4319
1157 1.96069 0.145474 -0.04442 5.05533 6.07115 59.0841
1158 1.96296 0.139454 -0.040981 4.97085 5.26516 59.663
1159 1.97582 0.145691 -0.0442614 4.9355 5.03333 58.8123
1160 1.97858 0.141731 -0.0457707 5.09412 4.76578 58.6657
1161 1.97031 0.14736 -0.0395932 5.24529 5.01486 58.4425
1162 1.96117 0.146386 -0.0390427 5.37893 5.17801 58.3709
1163 1.96157 0.147927 -0.0328264 4.98994 5.24227 58.2648
1164 1.96073 0.149727 -0.0309803 4.9379 5.30571 58.3601
1165 1.95384 0.153517 -0.0279294 4.82743 5.43276 58.7183
1166 1.9445 0.153781 -0.0196362 5.03795 5.22593 58.6481
1167 1.95526 0.156801 -0.0210721 5.05575 4.93479 59.0033
1168 1.94587 0.158014 -0.0253932 5.41884 4.93092 58.8826
1169 1.95258 0.159514 -0.026513 5.42845 4.85194 58.7806
1170 1.9476 0.157384 -0.0240901 5.42204 4.96253 58.8882
1171 1.95321 0.158677 -0.0280189 5.47983 5.24999 59.3229
1172 1.95259 0.157341 -0.028719 5.55713 5.18247 59.0703
1173 1.95885 0.156266 -0.0311875 5.73017 5.28939 59.1081
1174 1.96449 0.150036 -0.0286583 5.74848 5.28838 59.5286
1175 1.97372 0.149184 -0.0305582 5.40851 5.49708 59.5933
1176 1.97652 0.143971 -0.0332197 5.35735 5.44988 59.6168
1177 1.98563 0.141248 -0.0350622 5.06717 5.45158 60.2173
1178 1.9966 0.130738 -0.0296345 4.91614 4.89621 59.7641
1179 2.00416 0.128417 -0.0303263 4.73018 4.72162 60.504
1180 2.01836 0.127769 -0.0328742 4.66751 4.47566 60.0522
1181 2.03357 0.127855 -0.0381017 4.729 4.22603 60.4869
1182 2.03755 0.127357 -0.0311842 4.56599 4.14611 60.5292
1183 2.04257 0.126645 -0.029522 4.58307 4.00903 60.5688
1184 2.04865 0.125874 -0.0292516 4.75373 3.57524 60.8453
1185 2.06411 0.133704 -0.036295 4.9505 3.43788 60.763
1186 2.07145 0.131957 -0.0372021 4.98059 3.49532 61.304
1187 2.08155 0.133691 -0.0403786 4.99523 3.58861 61.8676
1188 2.08429 0.134232 -0.040592 4.9844 3.3881 61.9433
1189 2.09897 0.134356 -0.0461017 5.35541 3.24454 62.2634
1190 2.09815 0.139126 -0.046719 5.21686 3.51884 62.2508
1191 2.09475 0.136742 -0.0464707 5.23345 3.71152 62.3542
1192 2.09233 0.139008 -0.0542269 5.15264 3.95418 62.2777
1193 2.09062 0.138615 -0.0467373 4.87723 4.07577 62.3335
1194 2.09428 0.135757 -0.0434152 4.90962 4.16288 62.6478
1195 2.08868 0.139464 -0.0509376 4.9578 4.28472 62.3328
1196 2.09153 0.138839 -0.0503062 5.25539 4.15371 62.2567
1197 2.09191 0.142158 -0.0531692 5.56727 4.09115 62.2192
1198 2.0928 0.145729 -0.0519049 5.58684 4.18011 62.1719
1199 2.09356 0.14567 -0.0546119 5.52112 4.07902 62.0555
1200 2.09372 0.145181 -0.0525123 5.4418 4.08919 62.2196
1201 2.08919 0.143046 -0.0522413 5.52459 4.18463 62.1519
1202 2.08713 0.142981 -0.0490667 5.46549 4.29638 62.2018
1203 2.08482 0.140783 -0.0451071 5.38169 4.23624 62.2414
1204 2.08538 0.143127 -0.0459388 5.49718 4.27553 62.2327
1205 2.09018 0.140765 -0.041732 5.49934 4.15471 62.4825
1206 2.084 0.14258 -0.0424631 5.47315 4.23908 62.3333
1207 2.08752 0.143902 -0.043117 5.57186 4.21427 62.3492
1208 2.08399 0.140735 -0.0426426 5.70407 4.0738 62.3845
1209 2.0872 0.142199 -0.045756 5.84955 3.9205 62.2475
1210 2.08607 0.142613 -0.048158 5.99795 3.85089 62.185
1211 2.09034 0.142943 -0.0466026 6.02148 3.81665 62.3582
